(kicad_pcb (version 20171130) (host pcbnew "(5.1.9)-1")

  (general
    (thickness 1.6)
    (drawings 72)
    (tracks 1006)
    (zones 0)
    (modules 98)
    (nets 103)
  )

  (page A4)
  (title_block
    (title "Can Display Driver Board")
    (company https://www.designer2k2.at)
  )

  (layers
    (0 F.Cu signal)
    (1 In1.Cu power hide)
    (2 In2.Cu power hide)
    (31 B.Cu signal)
    (32 B.Adhes user hide)
    (33 F.Adhes user hide)
    (34 B.Paste user hide)
    (35 F.Paste user hide)
    (36 B.SilkS user hide)
    (37 F.SilkS user)
    (38 B.Mask user hide)
    (39 F.Mask user)
    (40 Dwgs.User user hide)
    (41 Cmts.User user hide)
    (42 Eco1.User user hide)
    (43 Eco2.User user hide)
    (44 Edge.Cuts user)
    (45 Margin user hide)
    (46 B.CrtYd user hide)
    (47 F.CrtYd user hide)
    (48 B.Fab user hide)
    (49 F.Fab user hide)
  )

  (setup
    (last_trace_width 0.25)
    (user_trace_width 0.25)
    (user_trace_width 0.4)
    (user_trace_width 0.5)
    (user_trace_width 1)
    (trace_clearance 0.2)
    (zone_clearance 0.3)
    (zone_45_only no)
    (trace_min 0.2)
    (via_size 0.8)
    (via_drill 0.4)
    (via_min_size 0.4)
    (via_min_drill 0.3)
    (user_via 0.8 0.4)
    (user_via 1 0.6)
    (uvia_size 0.3)
    (uvia_drill 0.1)
    (uvias_allowed no)
    (uvia_min_size 0.2)
    (uvia_min_drill 0.1)
    (edge_width 0.05)
    (segment_width 0.2)
    (pcb_text_width 0.3)
    (pcb_text_size 1.5 1.5)
    (mod_edge_width 0.12)
    (mod_text_size 1 1)
    (mod_text_width 0.15)
    (pad_size 1.524 1.524)
    (pad_drill 0.762)
    (pad_to_mask_clearance 0)
    (aux_axis_origin 120 100)
    (visible_elements 7FFFFFFF)
    (pcbplotparams
      (layerselection 0x010fc_ffffffff)
      (usegerberextensions false)
      (usegerberattributes true)
      (usegerberadvancedattributes true)
      (creategerberjobfile true)
      (excludeedgelayer true)
      (linewidth 0.100000)
      (plotframeref false)
      (viasonmask false)
      (mode 1)
      (useauxorigin false)
      (hpglpennumber 1)
      (hpglpenspeed 20)
      (hpglpendiameter 15.000000)
      (psnegative false)
      (psa4output false)
      (plotreference true)
      (plotvalue true)
      (plotinvisibletext false)
      (padsonsilk false)
      (subtractmaskfromsilk false)
      (outputformat 1)
      (mirror false)
      (drillshape 0)
      (scaleselection 1)
      (outputdirectory "./gerber"))
  )

  (net 0 "")
  (net 1 +BATT)
  (net 2 GND)
  (net 3 +3V3)
  (net 4 "Net-(C3-Pad2)")
  (net 5 "Net-(C3-Pad1)")
  (net 6 +5V)
  (net 7 "Net-(C7-Pad2)")
  (net 8 "Net-(C7-Pad1)")
  (net 9 "Net-(C8-Pad2)")
  (net 10 "Net-(C9-Pad2)")
  (net 11 "Net-(C10-Pad1)")
  (net 12 VBUS)
  (net 13 /PowerSupply/5V_Regulator)
  (net 14 /CAN_L)
  (net 15 /CAN_H)
  (net 16 +12V)
  (net 17 "Net-(D2-Pad1)")
  (net 18 "Net-(D6-Pad3)")
  (net 19 "Net-(D7-Pad3)")
  (net 20 "Net-(D8-Pad3)")
  (net 21 "Net-(D9-Pad3)")
  (net 22 /RST)
  (net 23 /DC_PIN)
  (net 24 /CS)
  (net 25 "/SDI(MOSI)")
  (net 26 /SCK)
  (net 27 /TIRQ)
  (net 28 "/SDO(MISO)")
  (net 29 /TCS)
  (net 30 "Net-(J2-Pad8)")
  (net 31 /DC)
  (net 32 "Net-(J3-Pad2)")
  (net 33 /GPS_TX)
  (net 34 /GPS_RX)
  (net 35 /RXA)
  (net 36 /TXA)
  (net 37 "Net-(J6-Pad1)")
  (net 38 "Net-(J6-Pad2)")
  (net 39 "Net-(J6-Pad3)")
  (net 40 "Net-(J6-Pad4)")
  (net 41 "Net-(J6-Pad5)")
  (net 42 "Net-(J6-Pad6)")
  (net 43 "Net-(J6-Pad7)")
  (net 44 "Net-(J6-Pad8)")
  (net 45 /SDA0)
  (net 46 /SCL0)
  (net 47 "Net-(J8-Pad12)")
  (net 48 "Net-(J8-Pad11)")
  (net 49 "Net-(J8-Pad10)")
  (net 50 "Net-(J8-Pad9)")
  (net 51 "Net-(J8-Pad6)")
  (net 52 "Net-(J8-Pad5)")
  (net 53 "Net-(J8-Pad4)")
  (net 54 "Net-(J8-Pad3)")
  (net 55 "Net-(J8-Pad2)")
  (net 56 "Net-(JP1-Pad1)")
  (net 57 SCL0A)
  (net 58 SDA0A)
  (net 59 "Net-(R9-Pad1)")
  (net 60 /TX1)
  (net 61 /RX1)
  (net 62 "Net-(U1-Pad8)")
  (net 63 "Net-(U1-Pad5)")
  (net 64 /CAN_R)
  (net 65 /CAN_D)
  (net 66 /WS1812_low)
  (net 67 "Net-(U3-Pad9)")
  (net 68 "Net-(U3-Pad7)")
  (net 69 "Net-(U4-Pad31)")
  (net 70 "Net-(U4-Pad19)")
  (net 71 "Net-(U4-Pad18)")
  (net 72 "Net-(U4-Pad16)")
  (net 73 "Net-(U4-Pad54)")
  (net 74 "Net-(U4-Pad53)")
  (net 75 "Net-(U4-Pad43)")
  (net 76 "Net-(U4-Pad42)")
  (net 77 "Net-(U4-Pad41)")
  (net 78 "Net-(U4-Pad40)")
  (net 79 "Net-(U4-Pad39)")
  (net 80 "Net-(U4-Pad38)")
  (net 81 "Net-(U4-Pad37)")
  (net 82 "Net-(U4-Pad36)")
  (net 83 "Net-(U4-Pad35)")
  (net 84 "Net-(U5-Pad1)")
  (net 85 "Net-(U8-Pad2)")
  (net 86 "Net-(C13-Pad1)")
  (net 87 3)
  (net 88 16)
  (net 89 4)
  (net 90 17)
  (net 91 5)
  (net 92 21)
  (net 93 "Net-(J8-Pad8)")
  (net 94 "Net-(D15-Pad2)")
  (net 95 "Net-(R3-Pad2)")
  (net 96 "Net-(U9-Pad12)")
  (net 97 "Net-(U9-Pad7)")
  (net 98 "Net-(U9-Pad6)")
  (net 99 "Net-(C25-Pad1)")
  (net 100 "Net-(C26-Pad1)")
  (net 101 "Net-(C27-Pad1)")
  (net 102 "Net-(U10-Pad3)")

  (net_class Default "This is the default net class."
    (clearance 0.2)
    (trace_width 0.25)
    (via_dia 0.8)
    (via_drill 0.4)
    (uvia_dia 0.3)
    (uvia_drill 0.1)
    (add_net +BATT)
    (add_net /CAN_D)
    (add_net /CAN_H)
    (add_net /CAN_L)
    (add_net /CAN_R)
    (add_net /CS)
    (add_net /DC)
    (add_net /DC_PIN)
    (add_net /GPS_RX)
    (add_net /GPS_TX)
    (add_net /RST)
    (add_net /RX1)
    (add_net /RXA)
    (add_net /SCK)
    (add_net /SCL0)
    (add_net /SDA0)
    (add_net "/SDI(MOSI)")
    (add_net "/SDO(MISO)")
    (add_net /TCS)
    (add_net /TIRQ)
    (add_net /TX1)
    (add_net /TXA)
    (add_net /WS1812_low)
    (add_net 16)
    (add_net 17)
    (add_net 21)
    (add_net 3)
    (add_net 4)
    (add_net 5)
    (add_net GND)
    (add_net "Net-(C10-Pad1)")
    (add_net "Net-(C13-Pad1)")
    (add_net "Net-(C25-Pad1)")
    (add_net "Net-(C26-Pad1)")
    (add_net "Net-(C27-Pad1)")
    (add_net "Net-(C3-Pad1)")
    (add_net "Net-(C3-Pad2)")
    (add_net "Net-(C7-Pad1)")
    (add_net "Net-(C7-Pad2)")
    (add_net "Net-(C8-Pad2)")
    (add_net "Net-(C9-Pad2)")
    (add_net "Net-(D15-Pad2)")
    (add_net "Net-(D2-Pad1)")
    (add_net "Net-(D6-Pad3)")
    (add_net "Net-(D7-Pad3)")
    (add_net "Net-(D8-Pad3)")
    (add_net "Net-(D9-Pad3)")
    (add_net "Net-(J2-Pad8)")
    (add_net "Net-(J3-Pad2)")
    (add_net "Net-(J6-Pad1)")
    (add_net "Net-(J6-Pad2)")
    (add_net "Net-(J6-Pad3)")
    (add_net "Net-(J6-Pad4)")
    (add_net "Net-(J6-Pad5)")
    (add_net "Net-(J6-Pad6)")
    (add_net "Net-(J6-Pad7)")
    (add_net "Net-(J6-Pad8)")
    (add_net "Net-(J8-Pad10)")
    (add_net "Net-(J8-Pad11)")
    (add_net "Net-(J8-Pad12)")
    (add_net "Net-(J8-Pad2)")
    (add_net "Net-(J8-Pad3)")
    (add_net "Net-(J8-Pad4)")
    (add_net "Net-(J8-Pad5)")
    (add_net "Net-(J8-Pad6)")
    (add_net "Net-(J8-Pad8)")
    (add_net "Net-(J8-Pad9)")
    (add_net "Net-(JP1-Pad1)")
    (add_net "Net-(R3-Pad2)")
    (add_net "Net-(R9-Pad1)")
    (add_net "Net-(U1-Pad5)")
    (add_net "Net-(U1-Pad8)")
    (add_net "Net-(U10-Pad3)")
    (add_net "Net-(U3-Pad7)")
    (add_net "Net-(U3-Pad9)")
    (add_net "Net-(U4-Pad16)")
    (add_net "Net-(U4-Pad18)")
    (add_net "Net-(U4-Pad19)")
    (add_net "Net-(U4-Pad31)")
    (add_net "Net-(U4-Pad35)")
    (add_net "Net-(U4-Pad36)")
    (add_net "Net-(U4-Pad37)")
    (add_net "Net-(U4-Pad38)")
    (add_net "Net-(U4-Pad39)")
    (add_net "Net-(U4-Pad40)")
    (add_net "Net-(U4-Pad41)")
    (add_net "Net-(U4-Pad42)")
    (add_net "Net-(U4-Pad43)")
    (add_net "Net-(U4-Pad53)")
    (add_net "Net-(U4-Pad54)")
    (add_net "Net-(U5-Pad1)")
    (add_net "Net-(U8-Pad2)")
    (add_net "Net-(U9-Pad12)")
    (add_net "Net-(U9-Pad6)")
    (add_net "Net-(U9-Pad7)")
    (add_net SCL0A)
    (add_net SDA0A)
    (add_net VBUS)
  )

  (net_class Power ""
    (clearance 0.2)
    (trace_width 0.5)
    (via_dia 1)
    (via_drill 0.6)
    (uvia_dia 0.3)
    (uvia_drill 0.1)
    (add_net +12V)
    (add_net +3V3)
    (add_net +5V)
    (add_net /PowerSupply/5V_Regulator)
  )

  (module mystuff:1.152mm_hole (layer F.Cu) (tedit 601E271D) (tstamp 602BCCDB)
    (at 193.802 92.964)
    (fp_text reference REF** (at 0 0.5) (layer F.SilkS) hide
      (effects (font (size 1 1) (thickness 0.15)))
    )
    (fp_text value 1.152mm_hole (at 0 -0.5) (layer F.Fab)
      (effects (font (size 1 1) (thickness 0.15)))
    )
    (pad "" np_thru_hole circle (at 0 0) (size 1.152 1.152) (drill 1.152) (layers *.Cu *.Mask))
  )

  (module mystuff:1.152mm_hole (layer F.Cu) (tedit 601E271D) (tstamp 602BC8E9)
    (at 121.666 92.202)
    (fp_text reference REF** (at 0 0.5) (layer F.SilkS) hide
      (effects (font (size 1 1) (thickness 0.15)))
    )
    (fp_text value 1.152mm_hole (at 0 -0.5) (layer F.Fab)
      (effects (font (size 1 1) (thickness 0.15)))
    )
    (pad "" np_thru_hole circle (at 0 0) (size 1.152 1.152) (drill 1.152) (layers *.Cu *.Mask))
  )

  (module mystuff:1.152mm_hole (layer F.Cu) (tedit 601E271D) (tstamp 602BC8C8)
    (at 121.666 57.404)
    (fp_text reference REF** (at 0 0.5) (layer F.SilkS) hide
      (effects (font (size 1 1) (thickness 0.15)))
    )
    (fp_text value 1.152mm_hole (at 0 -0.5) (layer F.Fab)
      (effects (font (size 1 1) (thickness 0.15)))
    )
    (pad "" np_thru_hole circle (at 0 0) (size 1.152 1.152) (drill 1.152) (layers *.Cu *.Mask))
  )

  (module Capacitor_SMD:C_0603_1608Metric (layer F.Cu) (tedit 5F68FEEE) (tstamp 602AD18A)
    (at 193.802 60.96 90)
    (descr "Capacitor SMD 0603 (1608 Metric), square (rectangular) end terminal, IPC_7351 nominal, (Body size source: IPC-SM-782 page 76, https://www.pcb-3d.com/wordpress/wp-content/uploads/ipc-sm-782a_amendment_1_and_2.pdf), generated with kicad-footprint-generator")
    (tags capacitor)
    (path /602C926D)
    (attr smd)
    (fp_text reference C31 (at 3.048 0 90) (layer F.SilkS)
      (effects (font (size 1 1) (thickness 0.15)))
    )
    (fp_text value 100n (at 0 1.43 90) (layer F.Fab)
      (effects (font (size 1 1) (thickness 0.15)))
    )
    (fp_line (start -0.8 0.4) (end -0.8 -0.4) (layer F.Fab) (width 0.1))
    (fp_line (start -0.8 -0.4) (end 0.8 -0.4) (layer F.Fab) (width 0.1))
    (fp_line (start 0.8 -0.4) (end 0.8 0.4) (layer F.Fab) (width 0.1))
    (fp_line (start 0.8 0.4) (end -0.8 0.4) (layer F.Fab) (width 0.1))
    (fp_line (start -0.14058 -0.51) (end 0.14058 -0.51) (layer F.SilkS) (width 0.12))
    (fp_line (start -0.14058 0.51) (end 0.14058 0.51) (layer F.SilkS) (width 0.12))
    (fp_line (start -1.48 0.73) (end -1.48 -0.73) (layer F.CrtYd) (width 0.05))
    (fp_line (start -1.48 -0.73) (end 1.48 -0.73) (layer F.CrtYd) (width 0.05))
    (fp_line (start 1.48 -0.73) (end 1.48 0.73) (layer F.CrtYd) (width 0.05))
    (fp_line (start 1.48 0.73) (end -1.48 0.73) (layer F.CrtYd) (width 0.05))
    (fp_text user %R (at 0 0 90) (layer F.Fab)
      (effects (font (size 0.4 0.4) (thickness 0.06)))
    )
    (pad 2 smd roundrect (at 0.775 0 90) (size 0.9 0.95) (layers F.Cu F.Paste F.Mask) (roundrect_rratio 0.25)
      (net 2 GND))
    (pad 1 smd roundrect (at -0.775 0 90) (size 0.9 0.95) (layers F.Cu F.Paste F.Mask) (roundrect_rratio 0.25)
      (net 6 +5V))
    (model ${KISYS3DMOD}/Capacitor_SMD.3dshapes/C_0603_1608Metric.wrl
      (at (xyz 0 0 0))
      (scale (xyz 1 1 1))
      (rotate (xyz 0 0 0))
    )
  )

  (module Capacitor_SMD:C_0603_1608Metric (layer F.Cu) (tedit 5F68FEEE) (tstamp 602AAF10)
    (at 193.802 90.17 90)
    (descr "Capacitor SMD 0603 (1608 Metric), square (rectangular) end terminal, IPC_7351 nominal, (Body size source: IPC-SM-782 page 76, https://www.pcb-3d.com/wordpress/wp-content/uploads/ipc-sm-782a_amendment_1_and_2.pdf), generated with kicad-footprint-generator")
    (tags capacitor)
    (path /602B3E7E)
    (attr smd)
    (fp_text reference C30 (at 3.048 0.254 90) (layer F.SilkS)
      (effects (font (size 1 1) (thickness 0.15)))
    )
    (fp_text value 100n (at 0 1.43 90) (layer F.Fab)
      (effects (font (size 1 1) (thickness 0.15)))
    )
    (fp_line (start -0.8 0.4) (end -0.8 -0.4) (layer F.Fab) (width 0.1))
    (fp_line (start -0.8 -0.4) (end 0.8 -0.4) (layer F.Fab) (width 0.1))
    (fp_line (start 0.8 -0.4) (end 0.8 0.4) (layer F.Fab) (width 0.1))
    (fp_line (start 0.8 0.4) (end -0.8 0.4) (layer F.Fab) (width 0.1))
    (fp_line (start -0.14058 -0.51) (end 0.14058 -0.51) (layer F.SilkS) (width 0.12))
    (fp_line (start -0.14058 0.51) (end 0.14058 0.51) (layer F.SilkS) (width 0.12))
    (fp_line (start -1.48 0.73) (end -1.48 -0.73) (layer F.CrtYd) (width 0.05))
    (fp_line (start -1.48 -0.73) (end 1.48 -0.73) (layer F.CrtYd) (width 0.05))
    (fp_line (start 1.48 -0.73) (end 1.48 0.73) (layer F.CrtYd) (width 0.05))
    (fp_line (start 1.48 0.73) (end -1.48 0.73) (layer F.CrtYd) (width 0.05))
    (fp_text user %R (at 0 0 90) (layer F.Fab)
      (effects (font (size 0.4 0.4) (thickness 0.06)))
    )
    (pad 2 smd roundrect (at 0.775 0 90) (size 0.9 0.95) (layers F.Cu F.Paste F.Mask) (roundrect_rratio 0.25)
      (net 2 GND))
    (pad 1 smd roundrect (at -0.775 0 90) (size 0.9 0.95) (layers F.Cu F.Paste F.Mask) (roundrect_rratio 0.25)
      (net 6 +5V))
    (model ${KISYS3DMOD}/Capacitor_SMD.3dshapes/C_0603_1608Metric.wrl
      (at (xyz 0 0 0))
      (scale (xyz 1 1 1))
      (rotate (xyz 0 0 0))
    )
  )

  (module Capacitor_SMD:C_0603_1608Metric (layer F.Cu) (tedit 5F68FEEE) (tstamp 6028F869)
    (at 160.782 94.996 90)
    (descr "Capacitor SMD 0603 (1608 Metric), square (rectangular) end terminal, IPC_7351 nominal, (Body size source: IPC-SM-782 page 76, https://www.pcb-3d.com/wordpress/wp-content/uploads/ipc-sm-782a_amendment_1_and_2.pdf), generated with kicad-footprint-generator")
    (tags capacitor)
    (path /6033C90F/602AB0DB)
    (attr smd)
    (fp_text reference C24 (at 3.683 0.254 90) (layer F.SilkS)
      (effects (font (size 1 1) (thickness 0.15)))
    )
    (fp_text value 100n (at 0 1.43 90) (layer F.Fab)
      (effects (font (size 1 1) (thickness 0.15)))
    )
    (fp_line (start 1.48 0.73) (end -1.48 0.73) (layer F.CrtYd) (width 0.05))
    (fp_line (start 1.48 -0.73) (end 1.48 0.73) (layer F.CrtYd) (width 0.05))
    (fp_line (start -1.48 -0.73) (end 1.48 -0.73) (layer F.CrtYd) (width 0.05))
    (fp_line (start -1.48 0.73) (end -1.48 -0.73) (layer F.CrtYd) (width 0.05))
    (fp_line (start -0.14058 0.51) (end 0.14058 0.51) (layer F.SilkS) (width 0.12))
    (fp_line (start -0.14058 -0.51) (end 0.14058 -0.51) (layer F.SilkS) (width 0.12))
    (fp_line (start 0.8 0.4) (end -0.8 0.4) (layer F.Fab) (width 0.1))
    (fp_line (start 0.8 -0.4) (end 0.8 0.4) (layer F.Fab) (width 0.1))
    (fp_line (start -0.8 -0.4) (end 0.8 -0.4) (layer F.Fab) (width 0.1))
    (fp_line (start -0.8 0.4) (end -0.8 -0.4) (layer F.Fab) (width 0.1))
    (fp_text user %R (at 0 0 90) (layer F.Fab)
      (effects (font (size 0.4 0.4) (thickness 0.06)))
    )
    (pad 2 smd roundrect (at 0.775 0 90) (size 0.9 0.95) (layers F.Cu F.Paste F.Mask) (roundrect_rratio 0.25)
      (net 2 GND))
    (pad 1 smd roundrect (at -0.775 0 90) (size 0.9 0.95) (layers F.Cu F.Paste F.Mask) (roundrect_rratio 0.25)
      (net 6 +5V))
    (model ${KISYS3DMOD}/Capacitor_SMD.3dshapes/C_0603_1608Metric.wrl
      (at (xyz 0 0 0))
      (scale (xyz 1 1 1))
      (rotate (xyz 0 0 0))
    )
  )

  (module Capacitor_SMD:C_0603_1608Metric (layer F.Cu) (tedit 5F68FEEE) (tstamp 602172F9)
    (at 159.004 58.407 270)
    (descr "Capacitor SMD 0603 (1608 Metric), square (rectangular) end terminal, IPC_7351 nominal, (Body size source: IPC-SM-782 page 76, https://www.pcb-3d.com/wordpress/wp-content/uploads/ipc-sm-782a_amendment_1_and_2.pdf), generated with kicad-footprint-generator")
    (tags capacitor)
    (path /60193656)
    (attr smd)
    (fp_text reference C6 (at 0 -1.43 90) (layer F.SilkS)
      (effects (font (size 1 1) (thickness 0.15)))
    )
    (fp_text value 100n (at 0 1.43 90) (layer F.Fab)
      (effects (font (size 1 1) (thickness 0.15)))
    )
    (fp_line (start -0.8 0.4) (end -0.8 -0.4) (layer F.Fab) (width 0.1))
    (fp_line (start -0.8 -0.4) (end 0.8 -0.4) (layer F.Fab) (width 0.1))
    (fp_line (start 0.8 -0.4) (end 0.8 0.4) (layer F.Fab) (width 0.1))
    (fp_line (start 0.8 0.4) (end -0.8 0.4) (layer F.Fab) (width 0.1))
    (fp_line (start -0.14058 -0.51) (end 0.14058 -0.51) (layer F.SilkS) (width 0.12))
    (fp_line (start -0.14058 0.51) (end 0.14058 0.51) (layer F.SilkS) (width 0.12))
    (fp_line (start -1.48 0.73) (end -1.48 -0.73) (layer F.CrtYd) (width 0.05))
    (fp_line (start -1.48 -0.73) (end 1.48 -0.73) (layer F.CrtYd) (width 0.05))
    (fp_line (start 1.48 -0.73) (end 1.48 0.73) (layer F.CrtYd) (width 0.05))
    (fp_line (start 1.48 0.73) (end -1.48 0.73) (layer F.CrtYd) (width 0.05))
    (fp_text user %R (at 0 0 90) (layer F.Fab)
      (effects (font (size 0.4 0.4) (thickness 0.06)))
    )
    (pad 2 smd roundrect (at 0.775 0 270) (size 0.9 0.95) (layers F.Cu F.Paste F.Mask) (roundrect_rratio 0.25)
      (net 2 GND))
    (pad 1 smd roundrect (at -0.775 0 270) (size 0.9 0.95) (layers F.Cu F.Paste F.Mask) (roundrect_rratio 0.25)
      (net 3 +3V3))
    (model ${KISYS3DMOD}/Capacitor_SMD.3dshapes/C_0603_1608Metric.wrl
      (at (xyz 0 0 0))
      (scale (xyz 1 1 1))
      (rotate (xyz 0 0 0))
    )
  )

  (module Capacitor_SMD:C_0603_1608Metric (layer F.Cu) (tedit 5F68FEEE) (tstamp 602172C8)
    (at 193.802 83.071 90)
    (descr "Capacitor SMD 0603 (1608 Metric), square (rectangular) end terminal, IPC_7351 nominal, (Body size source: IPC-SM-782 page 76, https://www.pcb-3d.com/wordpress/wp-content/uploads/ipc-sm-782a_amendment_1_and_2.pdf), generated with kicad-footprint-generator")
    (tags capacitor)
    (path /60159DCA)
    (attr smd)
    (fp_text reference C4 (at 2.807 0 90) (layer F.SilkS)
      (effects (font (size 1 1) (thickness 0.15)))
    )
    (fp_text value 100n (at 0 1.43 90) (layer F.Fab)
      (effects (font (size 1 1) (thickness 0.15)))
    )
    (fp_line (start -0.8 0.4) (end -0.8 -0.4) (layer F.Fab) (width 0.1))
    (fp_line (start -0.8 -0.4) (end 0.8 -0.4) (layer F.Fab) (width 0.1))
    (fp_line (start 0.8 -0.4) (end 0.8 0.4) (layer F.Fab) (width 0.1))
    (fp_line (start 0.8 0.4) (end -0.8 0.4) (layer F.Fab) (width 0.1))
    (fp_line (start -0.14058 -0.51) (end 0.14058 -0.51) (layer F.SilkS) (width 0.12))
    (fp_line (start -0.14058 0.51) (end 0.14058 0.51) (layer F.SilkS) (width 0.12))
    (fp_line (start -1.48 0.73) (end -1.48 -0.73) (layer F.CrtYd) (width 0.05))
    (fp_line (start -1.48 -0.73) (end 1.48 -0.73) (layer F.CrtYd) (width 0.05))
    (fp_line (start 1.48 -0.73) (end 1.48 0.73) (layer F.CrtYd) (width 0.05))
    (fp_line (start 1.48 0.73) (end -1.48 0.73) (layer F.CrtYd) (width 0.05))
    (fp_text user %R (at 0 0 90) (layer F.Fab)
      (effects (font (size 0.4 0.4) (thickness 0.06)))
    )
    (pad 2 smd roundrect (at 0.775 0 90) (size 0.9 0.95) (layers F.Cu F.Paste F.Mask) (roundrect_rratio 0.25)
      (net 2 GND))
    (pad 1 smd roundrect (at -0.775 0 90) (size 0.9 0.95) (layers F.Cu F.Paste F.Mask) (roundrect_rratio 0.25)
      (net 3 +3V3))
    (model ${KISYS3DMOD}/Capacitor_SMD.3dshapes/C_0603_1608Metric.wrl
      (at (xyz 0 0 0))
      (scale (xyz 1 1 1))
      (rotate (xyz 0 0 0))
    )
  )

  (module Package_SO:SOIC-8_3.9x4.9mm_P1.27mm (layer F.Cu) (tedit 5D9F72B1) (tstamp 6020D6D9)
    (at 135.955 59.817 180)
    (descr "SOIC, 8 Pin (JEDEC MS-012AA, https://www.analog.com/media/en/package-pcb-resources/package/pkg_pdf/soic_narrow-r/r_8.pdf), generated with kicad-footprint-generator ipc_gullwing_generator.py")
    (tags "SOIC SO")
    (path /602272D8)
    (attr smd)
    (fp_text reference U10 (at -1.459 -3.429) (layer F.SilkS)
      (effects (font (size 1 1) (thickness 0.15)))
    )
    (fp_text value "TMP75AIDR " (at 0 3.4) (layer F.Fab)
      (effects (font (size 1 1) (thickness 0.15)))
    )
    (fp_line (start 3.7 -2.7) (end -3.7 -2.7) (layer F.CrtYd) (width 0.05))
    (fp_line (start 3.7 2.7) (end 3.7 -2.7) (layer F.CrtYd) (width 0.05))
    (fp_line (start -3.7 2.7) (end 3.7 2.7) (layer F.CrtYd) (width 0.05))
    (fp_line (start -3.7 -2.7) (end -3.7 2.7) (layer F.CrtYd) (width 0.05))
    (fp_line (start -1.95 -1.475) (end -0.975 -2.45) (layer F.Fab) (width 0.1))
    (fp_line (start -1.95 2.45) (end -1.95 -1.475) (layer F.Fab) (width 0.1))
    (fp_line (start 1.95 2.45) (end -1.95 2.45) (layer F.Fab) (width 0.1))
    (fp_line (start 1.95 -2.45) (end 1.95 2.45) (layer F.Fab) (width 0.1))
    (fp_line (start -0.975 -2.45) (end 1.95 -2.45) (layer F.Fab) (width 0.1))
    (fp_line (start 0 -2.56) (end -3.45 -2.56) (layer F.SilkS) (width 0.12))
    (fp_line (start 0 -2.56) (end 1.95 -2.56) (layer F.SilkS) (width 0.12))
    (fp_line (start 0 2.56) (end -1.95 2.56) (layer F.SilkS) (width 0.12))
    (fp_line (start 0 2.56) (end 1.95 2.56) (layer F.SilkS) (width 0.12))
    (fp_text user %R (at 0 0) (layer F.Fab)
      (effects (font (size 0.98 0.98) (thickness 0.15)))
    )
    (pad 8 smd roundrect (at 2.475 -1.905 180) (size 1.95 0.6) (layers F.Cu F.Paste F.Mask) (roundrect_rratio 0.25)
      (net 3 +3V3))
    (pad 7 smd roundrect (at 2.475 -0.635 180) (size 1.95 0.6) (layers F.Cu F.Paste F.Mask) (roundrect_rratio 0.25)
      (net 2 GND))
    (pad 6 smd roundrect (at 2.475 0.635 180) (size 1.95 0.6) (layers F.Cu F.Paste F.Mask) (roundrect_rratio 0.25)
      (net 2 GND))
    (pad 5 smd roundrect (at 2.475 1.905 180) (size 1.95 0.6) (layers F.Cu F.Paste F.Mask) (roundrect_rratio 0.25)
      (net 2 GND))
    (pad 4 smd roundrect (at -2.475 1.905 180) (size 1.95 0.6) (layers F.Cu F.Paste F.Mask) (roundrect_rratio 0.25)
      (net 2 GND))
    (pad 3 smd roundrect (at -2.475 0.635 180) (size 1.95 0.6) (layers F.Cu F.Paste F.Mask) (roundrect_rratio 0.25)
      (net 102 "Net-(U10-Pad3)"))
    (pad 2 smd roundrect (at -2.475 -0.635 180) (size 1.95 0.6) (layers F.Cu F.Paste F.Mask) (roundrect_rratio 0.25)
      (net 45 /SDA0))
    (pad 1 smd roundrect (at -2.475 -1.905 180) (size 1.95 0.6) (layers F.Cu F.Paste F.Mask) (roundrect_rratio 0.25)
      (net 46 /SCL0))
    (model ${KISYS3DMOD}/Package_SO.3dshapes/SOIC-8_3.9x4.9mm_P1.27mm.wrl
      (at (xyz 0 0 0))
      (scale (xyz 1 1 1))
      (rotate (xyz 0 0 0))
    )
  )

  (module Capacitor_SMD:C_0603_1608Metric (layer F.Cu) (tedit 5F68FEEE) (tstamp 6020CC3B)
    (at 161.798 62.497 90)
    (descr "Capacitor SMD 0603 (1608 Metric), square (rectangular) end terminal, IPC_7351 nominal, (Body size source: IPC-SM-782 page 76, https://www.pcb-3d.com/wordpress/wp-content/uploads/ipc-sm-782a_amendment_1_and_2.pdf), generated with kicad-footprint-generator")
    (tags capacitor)
    (path /60328518)
    (attr smd)
    (fp_text reference C29 (at 0 -1.43 90) (layer F.SilkS)
      (effects (font (size 1 1) (thickness 0.15)))
    )
    (fp_text value 100n (at 0 1.43 90) (layer F.Fab)
      (effects (font (size 1 1) (thickness 0.15)))
    )
    (fp_line (start 1.48 0.73) (end -1.48 0.73) (layer F.CrtYd) (width 0.05))
    (fp_line (start 1.48 -0.73) (end 1.48 0.73) (layer F.CrtYd) (width 0.05))
    (fp_line (start -1.48 -0.73) (end 1.48 -0.73) (layer F.CrtYd) (width 0.05))
    (fp_line (start -1.48 0.73) (end -1.48 -0.73) (layer F.CrtYd) (width 0.05))
    (fp_line (start -0.14058 0.51) (end 0.14058 0.51) (layer F.SilkS) (width 0.12))
    (fp_line (start -0.14058 -0.51) (end 0.14058 -0.51) (layer F.SilkS) (width 0.12))
    (fp_line (start 0.8 0.4) (end -0.8 0.4) (layer F.Fab) (width 0.1))
    (fp_line (start 0.8 -0.4) (end 0.8 0.4) (layer F.Fab) (width 0.1))
    (fp_line (start -0.8 -0.4) (end 0.8 -0.4) (layer F.Fab) (width 0.1))
    (fp_line (start -0.8 0.4) (end -0.8 -0.4) (layer F.Fab) (width 0.1))
    (fp_text user %R (at 0 0 90) (layer F.Fab)
      (effects (font (size 0.4 0.4) (thickness 0.06)))
    )
    (pad 2 smd roundrect (at 0.775 0 90) (size 0.9 0.95) (layers F.Cu F.Paste F.Mask) (roundrect_rratio 0.25)
      (net 2 GND))
    (pad 1 smd roundrect (at -0.775 0 90) (size 0.9 0.95) (layers F.Cu F.Paste F.Mask) (roundrect_rratio 0.25)
      (net 3 +3V3))
    (model ${KISYS3DMOD}/Capacitor_SMD.3dshapes/C_0603_1608Metric.wrl
      (at (xyz 0 0 0))
      (scale (xyz 1 1 1))
      (rotate (xyz 0 0 0))
    )
  )

  (module Capacitor_SMD:C_0603_1608Metric (layer F.Cu) (tedit 5F68FEEE) (tstamp 6020CC2A)
    (at 134.099 63.754)
    (descr "Capacitor SMD 0603 (1608 Metric), square (rectangular) end terminal, IPC_7351 nominal, (Body size source: IPC-SM-782 page 76, https://www.pcb-3d.com/wordpress/wp-content/uploads/ipc-sm-782a_amendment_1_and_2.pdf), generated with kicad-footprint-generator")
    (tags capacitor)
    (path /60318F9E)
    (attr smd)
    (fp_text reference C28 (at -3.035 0) (layer F.SilkS)
      (effects (font (size 1 1) (thickness 0.15)))
    )
    (fp_text value 100n (at 0 1.43) (layer F.Fab)
      (effects (font (size 1 1) (thickness 0.15)))
    )
    (fp_line (start 1.48 0.73) (end -1.48 0.73) (layer F.CrtYd) (width 0.05))
    (fp_line (start 1.48 -0.73) (end 1.48 0.73) (layer F.CrtYd) (width 0.05))
    (fp_line (start -1.48 -0.73) (end 1.48 -0.73) (layer F.CrtYd) (width 0.05))
    (fp_line (start -1.48 0.73) (end -1.48 -0.73) (layer F.CrtYd) (width 0.05))
    (fp_line (start -0.14058 0.51) (end 0.14058 0.51) (layer F.SilkS) (width 0.12))
    (fp_line (start -0.14058 -0.51) (end 0.14058 -0.51) (layer F.SilkS) (width 0.12))
    (fp_line (start 0.8 0.4) (end -0.8 0.4) (layer F.Fab) (width 0.1))
    (fp_line (start 0.8 -0.4) (end 0.8 0.4) (layer F.Fab) (width 0.1))
    (fp_line (start -0.8 -0.4) (end 0.8 -0.4) (layer F.Fab) (width 0.1))
    (fp_line (start -0.8 0.4) (end -0.8 -0.4) (layer F.Fab) (width 0.1))
    (fp_text user %R (at 0 0) (layer F.Fab)
      (effects (font (size 0.4 0.4) (thickness 0.06)))
    )
    (pad 2 smd roundrect (at 0.775 0) (size 0.9 0.95) (layers F.Cu F.Paste F.Mask) (roundrect_rratio 0.25)
      (net 2 GND))
    (pad 1 smd roundrect (at -0.775 0) (size 0.9 0.95) (layers F.Cu F.Paste F.Mask) (roundrect_rratio 0.25)
      (net 3 +3V3))
    (model ${KISYS3DMOD}/Capacitor_SMD.3dshapes/C_0603_1608Metric.wrl
      (at (xyz 0 0 0))
      (scale (xyz 1 1 1))
      (rotate (xyz 0 0 0))
    )
  )

  (module Capacitor_SMD:C_0805_2012Metric (layer F.Cu) (tedit 5F68FEEE) (tstamp 6020CC19)
    (at 161.544 66.106 90)
    (descr "Capacitor SMD 0805 (2012 Metric), square (rectangular) end terminal, IPC_7351 nominal, (Body size source: IPC-SM-782 page 76, https://www.pcb-3d.com/wordpress/wp-content/uploads/ipc-sm-782a_amendment_1_and_2.pdf, https://docs.google.com/spreadsheets/d/1BsfQQcO9C6DZCsRaXUlFlo91Tg2WpOkGARC1WS5S8t0/edit?usp=sharing), generated with kicad-footprint-generator")
    (tags capacitor)
    (path /603A7348)
    (attr smd)
    (fp_text reference C27 (at 0 -1.68 90) (layer F.SilkS)
      (effects (font (size 1 1) (thickness 0.15)))
    )
    (fp_text value 2.2n (at 0 1.68 90) (layer F.Fab)
      (effects (font (size 1 1) (thickness 0.15)))
    )
    (fp_line (start 1.7 0.98) (end -1.7 0.98) (layer F.CrtYd) (width 0.05))
    (fp_line (start 1.7 -0.98) (end 1.7 0.98) (layer F.CrtYd) (width 0.05))
    (fp_line (start -1.7 -0.98) (end 1.7 -0.98) (layer F.CrtYd) (width 0.05))
    (fp_line (start -1.7 0.98) (end -1.7 -0.98) (layer F.CrtYd) (width 0.05))
    (fp_line (start -0.261252 0.735) (end 0.261252 0.735) (layer F.SilkS) (width 0.12))
    (fp_line (start -0.261252 -0.735) (end 0.261252 -0.735) (layer F.SilkS) (width 0.12))
    (fp_line (start 1 0.625) (end -1 0.625) (layer F.Fab) (width 0.1))
    (fp_line (start 1 -0.625) (end 1 0.625) (layer F.Fab) (width 0.1))
    (fp_line (start -1 -0.625) (end 1 -0.625) (layer F.Fab) (width 0.1))
    (fp_line (start -1 0.625) (end -1 -0.625) (layer F.Fab) (width 0.1))
    (fp_text user %R (at 0 0 90) (layer F.Fab)
      (effects (font (size 0.5 0.5) (thickness 0.08)))
    )
    (pad 2 smd roundrect (at 0.95 0 90) (size 1 1.45) (layers F.Cu F.Paste F.Mask) (roundrect_rratio 0.25)
      (net 2 GND))
    (pad 1 smd roundrect (at -0.95 0 90) (size 1 1.45) (layers F.Cu F.Paste F.Mask) (roundrect_rratio 0.25)
      (net 101 "Net-(C27-Pad1)"))
    (model ${KISYS3DMOD}/Capacitor_SMD.3dshapes/C_0805_2012Metric.wrl
      (at (xyz 0 0 0))
      (scale (xyz 1 1 1))
      (rotate (xyz 0 0 0))
    )
  )

  (module Capacitor_SMD:C_0603_1608Metric (layer F.Cu) (tedit 5F68FEEE) (tstamp 6020CC08)
    (at 166.129 60.198)
    (descr "Capacitor SMD 0603 (1608 Metric), square (rectangular) end terminal, IPC_7351 nominal, (Body size source: IPC-SM-782 page 76, https://www.pcb-3d.com/wordpress/wp-content/uploads/ipc-sm-782a_amendment_1_and_2.pdf), generated with kicad-footprint-generator")
    (tags capacitor)
    (path /60335E80)
    (attr smd)
    (fp_text reference C26 (at -2.807 0) (layer F.SilkS)
      (effects (font (size 1 1) (thickness 0.15)))
    )
    (fp_text value 100n (at 0 1.43) (layer F.Fab)
      (effects (font (size 1 1) (thickness 0.15)))
    )
    (fp_line (start 1.48 0.73) (end -1.48 0.73) (layer F.CrtYd) (width 0.05))
    (fp_line (start 1.48 -0.73) (end 1.48 0.73) (layer F.CrtYd) (width 0.05))
    (fp_line (start -1.48 -0.73) (end 1.48 -0.73) (layer F.CrtYd) (width 0.05))
    (fp_line (start -1.48 0.73) (end -1.48 -0.73) (layer F.CrtYd) (width 0.05))
    (fp_line (start -0.14058 0.51) (end 0.14058 0.51) (layer F.SilkS) (width 0.12))
    (fp_line (start -0.14058 -0.51) (end 0.14058 -0.51) (layer F.SilkS) (width 0.12))
    (fp_line (start 0.8 0.4) (end -0.8 0.4) (layer F.Fab) (width 0.1))
    (fp_line (start 0.8 -0.4) (end 0.8 0.4) (layer F.Fab) (width 0.1))
    (fp_line (start -0.8 -0.4) (end 0.8 -0.4) (layer F.Fab) (width 0.1))
    (fp_line (start -0.8 0.4) (end -0.8 -0.4) (layer F.Fab) (width 0.1))
    (fp_text user %R (at 0 0) (layer F.Fab)
      (effects (font (size 0.4 0.4) (thickness 0.06)))
    )
    (pad 2 smd roundrect (at 0.775 0) (size 0.9 0.95) (layers F.Cu F.Paste F.Mask) (roundrect_rratio 0.25)
      (net 2 GND))
    (pad 1 smd roundrect (at -0.775 0) (size 0.9 0.95) (layers F.Cu F.Paste F.Mask) (roundrect_rratio 0.25)
      (net 100 "Net-(C26-Pad1)"))
    (model ${KISYS3DMOD}/Capacitor_SMD.3dshapes/C_0603_1608Metric.wrl
      (at (xyz 0 0 0))
      (scale (xyz 1 1 1))
      (rotate (xyz 0 0 0))
    )
  )

  (module Capacitor_SMD:C_0805_2012Metric (layer F.Cu) (tedit 5F68FEEE) (tstamp 6020CBF7)
    (at 169.926 64.516 270)
    (descr "Capacitor SMD 0805 (2012 Metric), square (rectangular) end terminal, IPC_7351 nominal, (Body size source: IPC-SM-782 page 76, https://www.pcb-3d.com/wordpress/wp-content/uploads/ipc-sm-782a_amendment_1_and_2.pdf, https://docs.google.com/spreadsheets/d/1BsfQQcO9C6DZCsRaXUlFlo91Tg2WpOkGARC1WS5S8t0/edit?usp=sharing), generated with kicad-footprint-generator")
    (tags capacitor)
    (path /6038BB4B)
    (attr smd)
    (fp_text reference C25 (at 0 -1.68 90) (layer F.SilkS)
      (effects (font (size 1 1) (thickness 0.15)))
    )
    (fp_text value 10n (at 0 1.68 90) (layer F.Fab)
      (effects (font (size 1 1) (thickness 0.15)))
    )
    (fp_line (start 1.7 0.98) (end -1.7 0.98) (layer F.CrtYd) (width 0.05))
    (fp_line (start 1.7 -0.98) (end 1.7 0.98) (layer F.CrtYd) (width 0.05))
    (fp_line (start -1.7 -0.98) (end 1.7 -0.98) (layer F.CrtYd) (width 0.05))
    (fp_line (start -1.7 0.98) (end -1.7 -0.98) (layer F.CrtYd) (width 0.05))
    (fp_line (start -0.261252 0.735) (end 0.261252 0.735) (layer F.SilkS) (width 0.12))
    (fp_line (start -0.261252 -0.735) (end 0.261252 -0.735) (layer F.SilkS) (width 0.12))
    (fp_line (start 1 0.625) (end -1 0.625) (layer F.Fab) (width 0.1))
    (fp_line (start 1 -0.625) (end 1 0.625) (layer F.Fab) (width 0.1))
    (fp_line (start -1 -0.625) (end 1 -0.625) (layer F.Fab) (width 0.1))
    (fp_line (start -1 0.625) (end -1 -0.625) (layer F.Fab) (width 0.1))
    (fp_text user %R (at 0 0 90) (layer F.Fab)
      (effects (font (size 0.5 0.5) (thickness 0.08)))
    )
    (pad 2 smd roundrect (at 0.95 0 270) (size 1 1.45) (layers F.Cu F.Paste F.Mask) (roundrect_rratio 0.25)
      (net 2 GND))
    (pad 1 smd roundrect (at -0.95 0 270) (size 1 1.45) (layers F.Cu F.Paste F.Mask) (roundrect_rratio 0.25)
      (net 99 "Net-(C25-Pad1)"))
    (model ${KISYS3DMOD}/Capacitor_SMD.3dshapes/C_0805_2012Metric.wrl
      (at (xyz 0 0 0))
      (scale (xyz 1 1 1))
      (rotate (xyz 0 0 0))
    )
  )

  (module Sensor_Motion:InvenSense_QFN-24_4x4mm_P0.5mm (layer F.Cu) (tedit 5B5A6D8E) (tstamp 6020FC9B)
    (at 165.608 65.278 180)
    (descr "24-Lead Plastic QFN (4mm x 4mm); Pitch 0.5mm; EP 2.7x2.6mm; for InvenSense motion sensors; keepout area marked (Package see: https://store.invensense.com/datasheets/invensense/MPU-6050_DataSheet_V3%204.pdf; See also https://www.invensense.com/wp-content/uploads/2015/02/InvenSense-MEMS-Handling.pdf)")
    (tags "QFN 0.5")
    (path /6020D8F2)
    (attr smd)
    (fp_text reference U9 (at -4.318 -2.286) (layer F.SilkS)
      (effects (font (size 1 1) (thickness 0.15)))
    )
    (fp_text value MPU-6050 (at 0 3.375) (layer F.Fab)
      (effects (font (size 1 1) (thickness 0.15)))
    )
    (fp_line (start -1 -2) (end 2 -2) (layer F.Fab) (width 0.15))
    (fp_line (start 2 -2) (end 2 2) (layer F.Fab) (width 0.15))
    (fp_line (start 2 2) (end -2 2) (layer F.Fab) (width 0.15))
    (fp_line (start -2 2) (end -2 -1) (layer F.Fab) (width 0.15))
    (fp_line (start -2 -1) (end -1 -2) (layer F.Fab) (width 0.15))
    (fp_line (start -2.65 -2.65) (end -2.65 2.65) (layer F.CrtYd) (width 0.05))
    (fp_line (start 2.65 -2.65) (end 2.65 2.65) (layer F.CrtYd) (width 0.05))
    (fp_line (start -2.65 -2.65) (end 2.65 -2.65) (layer F.CrtYd) (width 0.05))
    (fp_line (start -2.65 2.65) (end 2.65 2.65) (layer F.CrtYd) (width 0.05))
    (fp_line (start 2.15 -2.15) (end 2.15 -1.625) (layer F.SilkS) (width 0.15))
    (fp_line (start -2.15 2.15) (end -2.15 1.625) (layer F.SilkS) (width 0.15))
    (fp_line (start 2.15 2.15) (end 2.15 1.625) (layer F.SilkS) (width 0.15))
    (fp_line (start -2.15 -2.15) (end -1.625 -2.15) (layer F.SilkS) (width 0.15))
    (fp_line (start -2.15 2.15) (end -1.625 2.15) (layer F.SilkS) (width 0.15))
    (fp_line (start 2.15 2.15) (end 1.625 2.15) (layer F.SilkS) (width 0.15))
    (fp_line (start 2.15 -2.15) (end 1.625 -2.15) (layer F.SilkS) (width 0.15))
    (fp_line (start 1.375 1.325) (end 1.375 -1.325) (layer Dwgs.User) (width 0.05))
    (fp_line (start -1.375 1.325) (end -1.375 -1.325) (layer Dwgs.User) (width 0.05))
    (fp_line (start 1.375 -1.325) (end -1.375 -1.325) (layer Dwgs.User) (width 0.05))
    (fp_line (start 1.375 1.325) (end -1.375 1.325) (layer Dwgs.User) (width 0.05))
    (fp_line (start 1.375 0.825) (end 0.875 1.325) (layer Dwgs.User) (width 0.05))
    (fp_line (start 1.375 0.325) (end 0.375 1.325) (layer Dwgs.User) (width 0.05))
    (fp_line (start 1.375 -0.175) (end -0.125 1.325) (layer Dwgs.User) (width 0.05))
    (fp_line (start 1.375 -0.675) (end -0.625 1.325) (layer Dwgs.User) (width 0.05))
    (fp_line (start 1.375 -1.175) (end -1.125 1.325) (layer Dwgs.User) (width 0.05))
    (fp_line (start 1.025 -1.325) (end -1.375 1.075) (layer Dwgs.User) (width 0.05))
    (fp_line (start 0.525 -1.325) (end -1.375 0.575) (layer Dwgs.User) (width 0.05))
    (fp_line (start 0.025 -1.325) (end -1.375 0.075) (layer Dwgs.User) (width 0.05))
    (fp_line (start -0.475 -1.325) (end -1.375 -0.425) (layer Dwgs.User) (width 0.05))
    (fp_line (start -0.975 -1.325) (end -1.375 -0.925) (layer Dwgs.User) (width 0.05))
    (fp_text user Component (at 0 0.55) (layer Cmts.User)
      (effects (font (size 0.2 0.2) (thickness 0.04)))
    )
    (fp_text user "Directly Below" (at 0 0.25) (layer Cmts.User)
      (effects (font (size 0.2 0.2) (thickness 0.04)))
    )
    (fp_text user "No Copper" (at 0 -0.1) (layer Cmts.User)
      (effects (font (size 0.2 0.2) (thickness 0.04)))
    )
    (fp_text user KEEPOUT (at 0 -0.5) (layer Cmts.User)
      (effects (font (size 0.2 0.2) (thickness 0.04)))
    )
    (fp_text user %R (at 0 0) (layer F.Fab)
      (effects (font (size 1 1) (thickness 0.15)))
    )
    (pad 24 smd roundrect (at -1.25 -1.95 270) (size 0.85 0.3) (layers F.Cu F.Paste F.Mask) (roundrect_rratio 0.25)
      (net 46 /SCL0))
    (pad 23 smd roundrect (at -0.75 -1.95 270) (size 0.85 0.3) (layers F.Cu F.Paste F.Mask) (roundrect_rratio 0.25)
      (net 45 /SDA0))
    (pad 22 smd roundrect (at -0.25 -1.95 270) (size 0.85 0.3) (layers F.Cu F.Paste F.Mask) (roundrect_rratio 0.25))
    (pad 21 smd roundrect (at 0.25 -1.95 270) (size 0.85 0.3) (layers F.Cu F.Paste F.Mask) (roundrect_rratio 0.25))
    (pad 20 smd roundrect (at 0.75 -1.95 270) (size 0.85 0.3) (layers F.Cu F.Paste F.Mask) (roundrect_rratio 0.25)
      (net 101 "Net-(C27-Pad1)"))
    (pad 19 smd roundrect (at 1.25 -1.95 270) (size 0.85 0.3) (layers F.Cu F.Paste F.Mask) (roundrect_rratio 0.25))
    (pad 18 smd roundrect (at 1.95 -1.25 180) (size 0.85 0.3) (layers F.Cu F.Paste F.Mask) (roundrect_rratio 0.25)
      (net 2 GND))
    (pad 17 smd roundrect (at 1.95 -0.75 180) (size 0.85 0.3) (layers F.Cu F.Paste F.Mask) (roundrect_rratio 0.25))
    (pad 16 smd roundrect (at 1.95 -0.25 180) (size 0.85 0.3) (layers F.Cu F.Paste F.Mask) (roundrect_rratio 0.25))
    (pad 15 smd roundrect (at 1.95 0.25 180) (size 0.85 0.3) (layers F.Cu F.Paste F.Mask) (roundrect_rratio 0.25))
    (pad 14 smd roundrect (at 1.95 0.75 180) (size 0.85 0.3) (layers F.Cu F.Paste F.Mask) (roundrect_rratio 0.25))
    (pad 13 smd roundrect (at 1.95 1.25 180) (size 0.85 0.3) (layers F.Cu F.Paste F.Mask) (roundrect_rratio 0.25)
      (net 3 +3V3))
    (pad 12 smd roundrect (at 1.25 1.95 270) (size 0.85 0.3) (layers F.Cu F.Paste F.Mask) (roundrect_rratio 0.25)
      (net 96 "Net-(U9-Pad12)"))
    (pad 11 smd roundrect (at 0.75 1.95 270) (size 0.85 0.3) (layers F.Cu F.Paste F.Mask) (roundrect_rratio 0.25)
      (net 2 GND))
    (pad 10 smd roundrect (at 0.25 1.95 270) (size 0.85 0.3) (layers F.Cu F.Paste F.Mask) (roundrect_rratio 0.25)
      (net 100 "Net-(C26-Pad1)"))
    (pad 9 smd roundrect (at -0.25 1.95 270) (size 0.85 0.3) (layers F.Cu F.Paste F.Mask) (roundrect_rratio 0.25)
      (net 2 GND))
    (pad 8 smd roundrect (at -0.75 1.95 270) (size 0.85 0.3) (layers F.Cu F.Paste F.Mask) (roundrect_rratio 0.25)
      (net 99 "Net-(C25-Pad1)"))
    (pad 7 smd roundrect (at -1.25 1.95 270) (size 0.85 0.3) (layers F.Cu F.Paste F.Mask) (roundrect_rratio 0.25)
      (net 97 "Net-(U9-Pad7)"))
    (pad 6 smd roundrect (at -1.95 1.25 180) (size 0.85 0.3) (layers F.Cu F.Paste F.Mask) (roundrect_rratio 0.25)
      (net 98 "Net-(U9-Pad6)"))
    (pad 5 smd roundrect (at -1.95 0.75 180) (size 0.85 0.3) (layers F.Cu F.Paste F.Mask) (roundrect_rratio 0.25))
    (pad 4 smd roundrect (at -1.95 0.25 180) (size 0.85 0.3) (layers F.Cu F.Paste F.Mask) (roundrect_rratio 0.25))
    (pad 3 smd roundrect (at -1.95 -0.25 180) (size 0.85 0.3) (layers F.Cu F.Paste F.Mask) (roundrect_rratio 0.25))
    (pad 2 smd roundrect (at -1.95 -0.75 180) (size 0.85 0.3) (layers F.Cu F.Paste F.Mask) (roundrect_rratio 0.25))
    (pad 1 smd roundrect (at -1.95 -1.25 180) (size 0.85 0.3) (layers F.Cu F.Paste F.Mask) (roundrect_rratio 0.25)
      (net 2 GND))
    (model ${KISYS3DMOD}/Package_DFN_QFN.3dshapes/QFN-24-1EP_4x4mm_P0.5mm_EP2.7x2.6mm.wrl
      (at (xyz 0 0 0))
      (scale (xyz 1 1 1))
      (rotate (xyz 0 0 0))
    )
  )

  (module Capacitor_SMD:C_0805_2012Metric (layer F.Cu) (tedit 5F68FEEE) (tstamp 6015A117)
    (at 131.064 82.55)
    (descr "Capacitor SMD 0805 (2012 Metric), square (rectangular) end terminal, IPC_7351 nominal, (Body size source: IPC-SM-782 page 76, https://www.pcb-3d.com/wordpress/wp-content/uploads/ipc-sm-782a_amendment_1_and_2.pdf, https://docs.google.com/spreadsheets/d/1BsfQQcO9C6DZCsRaXUlFlo91Tg2WpOkGARC1WS5S8t0/edit?usp=sharing), generated with kicad-footprint-generator")
    (tags capacitor)
    (path /60404697/601CEE8B)
    (attr smd)
    (fp_text reference C23 (at 2.54 1.27 90) (layer F.SilkS)
      (effects (font (size 1 1) (thickness 0.15)))
    )
    (fp_text value 10n (at 0 1.68) (layer F.Fab)
      (effects (font (size 1 1) (thickness 0.15)))
    )
    (fp_line (start -1 0.625) (end -1 -0.625) (layer F.Fab) (width 0.1))
    (fp_line (start -1 -0.625) (end 1 -0.625) (layer F.Fab) (width 0.1))
